$ANSIBLE_VAULT;1.1;AES256
37313036616261626465633032333138326233393764356532366137363138376338343534356432
3336373632336435646637383062306438383338346230640a666435383031386661383961343337
62356664336534346134666433366164313730616534666239303037343433653434336330616531
3863313632363534630a376139336334336138663962353930393736336264386166623330313462
63346663613332373938353136663836326664306361613961613638616363336634616230323463
32343662303533376166386236396265643332323662383765666535663832376238636163333530
34383035656639346462333635336639343031353761313661396131626432663931383665333434
61306539333238393866646134656634346239663737653832663038653230643664616134383433
36613331636662346666356165663234653836656666333932666431303465393337383739623632
38656664373233306637336235616330643537366262373435643661623133376166613438643835
35666532646437356430363134643662636439663739316539323363356366353633616534653163
63316562663538616661306563636566393361336236383833393130613933656331653437303666
39663838363161623735393264303934313839313363626637623761393531323464303036376265
63613966656364383661643832653136663433613333663664363431316664333663633730396533
38666139316564353230623066313235623664626162383530353136663661323463386336666434
65663635623234613833333830383130666636333939643136663239373765633335343937353133
32666561633139633665373735373338646638356630623739333433613039366266373736353563
64313536643463326331383736633230366139363633343938363231636665383665666434663831
303630643163666261333064343464346235
